sunmin|1
1|小火龍|110|110|5|105|21|0|11|10|5|5
2|噴火龍|200|200|80|70|10|350|500|10|0|0
3|妙蛙種子|90|90|45|35|1|10|100|0|0|5
4|火焰獸|150|150|65|45|5|10|200|8|0|0
5|大竹草|130|130|60|50|5|10|200|0|0|8
6|小火龍|100|100|50|30|1|10|100|5|0|0
7|火焰獸|150|150|65|45|5|10|200|8|0|0
8|海龍王|180|180|55|60|5|10|200|0|8|0
sunmin|2
1|小火龍|100|100|0|100|20|10|1|5|0|0
sunmin|3
1|小火龍|100|100|0|100|20|10|1|5|0|0
baby|1
1|小火龍|100|100|0|100|20|10|1|5|0|0
tt|1
1|小火龍|100|100|0|100|20|10|1|5|0|0
tt|2
1|小火龍|100|100|0|100|20|10|1|5|0|0
ss|1
1|小火龍|100|100|0|100|20|10|1|5|0|0
